-0.299216693474903
-0.17946603398772396
-0.001826152628360611
-0.6576564437912951
-0.42333067028998045
-0.47752378759983405
0.6417441828861479
-0.6597247364149331
0.5889243168157596
-0.8470728069797848
-0.11568309897852391
0.4366890414485342
-0.300640178655402
0.05384502283502012
0.5911703858163961
-0.8314027913446219
0.08114973168151329
-0.7860865285945338
0.5678635951588071
0.0031973389017725977
0.6344186547101016
-0.44901327993269063
0.40271061528326585
-0.3604221359673735
-0.388259154908438
-0.11697008640079096
0.6155369206590781
-0.13660269526645613
0.07792876941829709
0.5752232122734043
-0.4375753440138268
0.5920324537072537
0.6077584418642937
0.6202843660911646
-0.6744553501725915
-0.216001821048965
0.4523643221967266
0.7440551971682625
0.1373541490894863
-0.5895474794558311
0.7167957031302499
-0.3823895476528223
-0.029126331679663275
-0.5112488004084694
0.5193781340302493
-0.773359976137517
0.8127157616838789
0.21852436606271633
-0.8772217011720735
-0.729510153084691
0.6293291664975496
-0.09509079462844805
-0.6248208482276874
0.17906423305272087
0.2503192852390035
-0.7885993555606488
-0.26504826488561395
0.2081673843622094
-0.6632202036264576
-0.831247288578704
0.1530481325662638
-0.6621979012946515
0.5207664133158929
-0.12598704967457303
-0.6814547989095912
0.36959613575395667
-0.9263727980718595
0.21833353840584377
0.4398071059941361
-0.523252487879709
-0.7198745306219627
0.2554320127703622
0.013900872144489571
-0.11734338502878806
0.4005853473200466
0.07231935443974014
0.44212062084099457
-0.5843146792661909
0.28614178814240726
-0.667114267255692
-0.29764779947451137
0.28437864696507054
0.2887936987414106
-0.836625543345985
-0.3879469641077252
-0.06897885516389969
-0.3040548933379487
0.2854389855406066
0.4025372708203109
0.385134860498428
0.903929748498818
-0.30923668375135077
-0.5421794532894172
0.7169483733133262
0.003983140261614785
0.7777121412308929
-0.19892329519509128
-0.32221090141039255
-0.3917821569290477
-0.3667905116366734
0.2842012359317693
0.14073968252853097
0.31480556674272214
-0.0988374678914693
-0.7505912688133529
0.16327111966820596
-0.13927182092904167
0.17449936119361825
0.6054909835539575
0.6424927226098793
0.3721063189898943
0.3545406012139734
-0.4498688759546556
-0.421247434466004
0.17142695108808048
-0.2168367440413448
0.24229441603932858
-0.1852488779740431
0.5086319327572124
-0.36280123081633003
-0.19057492030974504
0.06892141160879339
-0.32941578956651046
0.5866215165498325
0.09909235021043633
0.31596694953906335
0.2281673517260051
0.4036555586784391
-0.30447553932805393
0.08028791785270771
0.5485343602255563
-0.1596899540959121
-0.42950078461255015
-0.0646865792544582
0.13161815617998718
0.7409902672401176
-0.6797118353858578
0.2782609270095727
0.5128412779531559
0.37267175165017086
0.2979464953699923
0.5081906444326476
-0.17247925752054982
0.649789970872595
-0.2682430702846702
0.2934437515808755
0.5654776337269121
-0.061286352235749124
0.0020763629960114938
-0.6312328640200728
0.6283978180074493
-0.02730242342609218
-0.3324831600070419
0.6698099294211676
-0.6121346162045995
0.27857754765307413
0.6642044449155154
0.532858267395865
0.5324005806264761
-0.0631462509317966
0.5403471567794421
0.17786018473879683
0.7095328488372051
-0.47451206253239636
-0.6326986886029626
0.3784674276904867
-0.08231361329479772
-0.31193855260613246
-0.19733460460450813
0.25309104576128794
0.636590236789006
-0.7606202849207004
0.11169329584656709
-0.1538949304950844
-0.6681068244514442
0.5069532229886086
0.6304225660927223
-0.6889679860919835
0.6928659093210454
0.13959342908098676
0.2877580905015057
-0.5540072673471163
0.07841043853087293
-0.5400527117561569
0.6003417593175071
-0.5573603810811514
-0.005058576826599187
-0.7243461308269707
-0.4990782260055968
-0.06606801456846814
-0.39522095747830105
0.16455107826137982
0.6412403369402246
0.27528956279132255
-0.404484726037019
-0.5686998093163447
0.03034987707629329
0.23760110074399957
-0.2366492552425357
-0.24077847785013953
-0.45866044745637935
-0.7802187417002019
-0.46683320889393765
-0.06700147006875562
0.22304109083265142
0.17335018153122705
0.8503280859060989
0.6963572202983523
0.5711884803276435
-0.202853079526536
-0.13499642152790267
0.21443482861694318
-0.2160478957215301
-0.6405779547150571
-0.3424875716466512
-0.5592883362378037
0.680702025758918
0.008781455384522758
0.09608319998758058
-0.3842797410510138
0.28894506468212644
-0.04816879520146062
0.19737085027657794
-0.09747211643071314
0.19563396434158847
-0.17542307524680123
-0.3309584088233921
-0.011718750987784743
0.18812635450910908
0.6255313561647823
0.6918382047913662
0.9140548105431119
0.3556296935545822
-0.018590081777689494
0.6700949908144804
-0.7826386775971779
0.4257430304752926
0.13294299032291831
0.4465944194689728
-0.6872952031008914
0.3335150532452301
0.2399421601345523
0.6093401652369286
-0.7645632446068128
0.9282309668019024
-0.45149608696004495
-0.44298450183865934
0.7166049723296367
-0.4624881464328169
-0.6254719305500029
0.3462834543890971
0.1263105953080107
0.6145090845590229
-0.651135601546331
0.7654306594328442
-0.42146251848172267
-0.5849550841795312
0.867546512848364
-0.32554339711136915
0.5706811540063911
-0.5814336986028301
-0.6912486496791345
0.5529103326770579
-0.2705192328082415
0.4113671393793667
-0.03115338344403644
0.19145612221002345
-0.293507160840633
-0.19664790915051505
-0.20071052280224472
-0.9376857061207426
0.10067068238667046
0.26311834829224284
0.6207920804696772
-0.5053622101490297
0.08427165825488325
-0.6914068237745341
0.20078419929345845
0.9276480385286632
-0.26756681271119503
0.0011745353902477516
0.3684274241582153
0.3903633804709827
-0.5163291477887573
0.20822231969467775
0.30669567615604965
0.0836753263450975
0.546439354189721
-0.02695429088948821
0.16082059456237024
0.22461752025937132
-0.16556166616632903
0.5973633365027385
0.7316431140662016
-0.07305470677984388
-0.6974613062386261
-0.059182224068053596
0.021570881120246348
0.30266626593511015
-0.5582877185884635
0.4463941746255508
0.08714066236566567
-0.22531082555734894
0.5403436232133895
0.5972096835866839
0.08354567847116012
-0.7319166787272156
-0.43805831174299836
0.18121176589446847
0.047660782575543834
-0.3523570339655123
0.5720618555662418
0.6594342607406414
-0.304553760510045
0.730419106340433
-0.054592549326857503
0.39684080494501617
-0.06039689702118207
0.44325645808428876
0.6934218328345628
-0.16620264831886228
0.5147164528673676
-0.6375284620289183
0.30673108063922705
0.6846855186796391
0.5456693563492916
0.6655570288057588
0.18716426237433553
-0.6089094674792188
-0.19929978570870152
-0.8105293879693232
-0.5118102915274667
0.04548745061837231
-0.013464839992939813
0.15907725318778398
-0.8738762511597562
0.43361119280077165
0.482252672966649
0.5203869372360654
-0.655267270745063
-0.6335524705301586
-0.6739009240419007
-0.46386492188675515
-0.0652818776599304
-0.18112477840393212
0.31596448211422057
-0.6048038430254696
-0.3289990770130439
0.5136366294080641
0.5052964379646259
0.6132713506451758
-0.37733006768851735
0.12074581483497299
-0.6928694586357182
0.5083944771814309
0.5692832754072961
-0.8142281003523233
0.01983832257829122
0.10562028844276405
-0.35554927167798617
90.0
