0.10238373566895764
0.5800283233182706
-0.42432191493197846
-0.19618051909640455
-0.16757361414391525
-0.07529710335941697
-0.0037512622630978543
0.06660733076468595
-0.4093506075820714
-0.5562131622323624
0.4758474539642502
0.4803846400071029
-0.2921384701738683
0.6532858119218067
0.3826717005783866
0.5668948958014287
0.3208644903126905
-0.8557095118417571
0.2196482684033797
-0.3047774878958138
-0.1654183841443706
0.00887528735397125
-0.20436217837745307
-0.4300266087662067
-0.06864297635962391
-0.1857260927931904
0.480453159341354
0.2680731052450014
0.1398990499395002
-0.3237863719477557
-0.07087999996370842
0.7910551836244949
0.1769316666392302
-0.8417999906876494
-0.40948837105443314
-0.06022734027100807
-0.7195571918459268
0.385291078477661
0.8540534551899801
-0.39589499274683826
0.8249624112448698
-0.8248709725879728
-0.08450927524888396
-0.11081398461338143
0.46430575726373424
-0.17937522394435168
-0.21591676193687992
0.20434629286684847
0.2802457619487455
0.4851616339680149
0.3081955391303197
0.38922881249165975
0.15281099937426945
-0.37825468353387415
0.09424251556350671
-0.5752909501826564
0.12927578918091776
-0.49652408832704165
0.7789132208899814
0.06370877770732697
-0.06511574591379377
0.3544838753970002
0.6488047708468665
0.13597935162650754
-0.04458872758846333
0.40257242819164873
-0.4612789043326291
0.4556220417272677
-0.1724281383112778
-0.5412798038693664
0.4322973817404566
0.7024843883080432
-0.785432951149077
0.03879084720810266
0.07035987709836078
0.2189522500578126
-0.30648364033384545
-0.5289632056829404
-0.24794577356136638
-0.10465280845715663
0.3567176597126368
-0.6861767561885829
-0.23812088593292324
-0.5311673265118071
-0.44129856521432753
0.3306658630807743
0.778660952106883
0.7336552309067642
-0.7041682309354613
-0.42465525966337336
0.2756113689987958
-0.9385717017636808
-0.48190190682285017
0.044470223175655854
-0.6476054561234836
0.2568760210395713
-0.07599893181394535
-0.01961935427663275
-0.17804886878113235
0.2035633805429916
-0.02571410474348268
0.17430334159085437
0.31499862961008085
-0.27446113416180695
0.29894678494053806
0.04437404267271128
0.05168006839191064
-0.7240429155557659
-0.5737675471962218
0.8135407433744208
0.48850146233406966
-0.5085755109510568
-0.763666284350336
-0.5665930744823416
0.10858418835027417
0.4319626335408049
0.22799213650318806
0.08758481602099899
-0.26106188140227116
-0.4272890893203529
0.3657466398257708
0.49759941583383693
-0.04834878397045905
-0.4602786737981408
0.007437649034644944
0.09217288533301804
-0.11478453022511947
-0.014418774854363825
0.1383264484061626
-0.357661724679997
0.22757568830254404
0.4880577886221834
-0.77636043853669
0.903182526302042
0.1604378696028934
-0.025999624157950763
-0.8062492818173765
0.6788957298626971
0.014944782710977655
0.5662863961115454
0.7425744897077269
0.403862884480397
-0.43115769300435103
0.2375719548494386
-0.6006185459531561
0.30935675091510184
-0.12133156011563584
-0.5368466029485507
0.16194452848841256
0.005486239356178313
0.8302974316196128
-0.3771819858558998
0.007735629011249023
3.068201941180959E-5
-0.19453919436188705
0.32845883997251457
-0.011048649607717453
0.3290252895855288
0.48762224005596
-0.10762003514915097
0.11443029334119514
-0.10515714742172177
0.535572486805303
-0.5239420528452036
0.6389811235294303
0.33523687220880394
0.13922660301010226
-0.14374055811159092
-0.6513141574568202
0.37113248244219343
-0.28246262452611337
-0.04008842288665215
0.9106868253002409
0.7494521085087174
0.17159442726571406
-0.8052325306194301
-0.5527462598594397
-0.9529992870599923
0.40312821801549237
-0.46715112983770357
220.0
